xpar <-
structure(list(R0 = c(475635L, 522618L, 492541L, 425306L, 478304L, 
456935L, 413439L, 425355L, 482899L, 451145L, 464432L, 410244L, 
485092L, 516459L, 538386L, 567450L, 496238L, 424578L, 414780L, 
488275L, 417442L, 445882L, 505448L, 463783L, 541217L, 497840L, 
572738L, 547569L, 566343L, 552550L, 534350L, 501706L, 531141L, 
428066L, 500698L, 418731L, 451041L, 456369L, 544283L, 534781L, 
539464L, 452759L, 415974L, 416062L, 391549L, 389715L, 380343L, 
391373L, 397569L, 384532L, 411892L, 456143L, 511198L, 502960L, 
563130L, 482708L, 470482L, 472796L, 441380L, 410336L, 428778L, 
412920L, 392745L, 387690L, 384793L, 405306L, 399241L, 393008L, 
387340L, 393212L, 394545L, 390220L, 409464L, 385868L, 382797L, 
383500L, 406363L, 397272L, 387669L, 403515L, 404744L, 396209L, 
406517L, 404319L, 480425L, 472011L, 411526L, 399977L, 463679L, 
503833L, 547762L, 552019L, 519921L, 564376L, 590421L, 594698L, 
566644L, 558446L, 525748L, 384137L, 452770L, 370374L, 370674L, 
371073L, 375291L, 374526L, 375761L, 375925L, 378400L, 398891L, 
380592L, 377458L, 378444L, 387650L, 393253L, 404549L, 415891L, 
386621L, 376080L, 363645L, 414951L, 369993L, 377225L, 394404L, 
415423L, 413409L, 450806L, 447400L, 549421L, 557128L, 498009L, 
525545L, 559377L, 561044L, 587855L, 443413L, 461725L, 635675L, 
613745L, 639104L, 585768L, 596247L, 613504L, 599969L, 633066L, 
612763L, 604450L, 457899L, 437509L, 395643L, 378128L, 378134L, 
384584L, 404414L, 457813L, 425255L, 498898L, 469721L, 381917L, 
387510L, 387891L, 468199L, 469054L, 545914L, 537438L, 557832L, 
560281L, 587023L, 595270L, 611246L, 614495L, 605911L, 625883L, 
611983L, 611019L, 499127L, 561586L, 489378L, 422376L, 405094L, 
376541L, 388790L, 387758L, 402031L, 501324L, 529175L, 528817L, 
599562L, 574048L, 588270L, 584981L, 536855L, 584578L, 594145L, 
597535L, 608956L, 586538L, 597300L, 569118L, 591522L, 556349L, 
566599L, 603337L, 483456L, 511802L, 419323L, 385885L, 423740L, 
423625L, 400279L, 381426L, 384244L, 391229L, 373626L, 364923L, 
380977L, 399036L, 424518L, 488761L, 490927L, 408822L, 389704L, 
408312L, 479023L, 425336L, 419849L, 495331L, 413390L, 371433L, 
366724L, 382638L, 420757L, 381600L, 413839L, 391178L, 442252L, 
389285L, 385684L, 427008L, 421860L, 443768L, 438729L, 409125L, 
405071L, 458376L, 610612L, 565361L, 618061L, 599618L, 582898L, 
601960L, 616719L, 604743L, 611704L, 598805L, 574307L, 567137L, 
607037L, 614859L, 616319L, 446497L, 484449L, 554769L, 511005L, 
487975L, 487769L, 440658L, 579362L, 613709L, 573210L, 603387L, 
604011L, 599169L, 594069L, 578846L, 607175L, 599116L, 571955L, 
578271L, 581082L, 602802L, 611103L, 603633L, 547598L, 606915L, 
539723L, 492107L, 425355L, 438255L, 403214L, 418396L, 406888L, 
390632L, 406037L, 373650L, 393906L, 405890L, 471183L, 556042L, 
559060L, 487357L, 465163L, 423763L, 482389L, 531069L, 553637L, 
528196L, 613692L, 600424L, 596037L, 608619L, 589496L, 561218L, 
569221L, 595963L, 586262L, 583119L, 590439L, 590649L, 575732L, 
591405L, 539306L, 617412L, 636928L, 611763L, 607606L, 626198L, 
596377L, 545671L, 537833L, 531364L, 589728L, 584621L, 590381L, 
595513L, 600387L, 545282L, 523676L, 547620L, 586000L, 517281L, 
535199L, 562458L, 590662L, 578177L, 554021L, 564795L, 535973L, 
557112L, 578621L, 565894L, 581728L, 561336L, 567188L, 555273L, 
451383L, 423535L, 386998L, 456724L, 530350L, 530369L, 536054L, 
531124L, 550521L, 536909L, 516013L, 541787L, 549208L, 542223L, 
564852L, 536541L, 519238L, 493528L, 497338L, 507105L, 489811L, 
512725L, 502163L, 466317L, 413484L, 407590L, 434405L, 385298L, 
434515L, 448965L, 425146L, 553983L, 546133L, 503598L, 512064L, 
497732L, 533659L, 544891L, 518032L, 558026L, 489216L, 385606L, 
444985L, 487792L, 441925L, 441106L, 481338L, 530283L, 514384L, 
476675L, 509550L, 551737L, 549389L, 517834L, 537452L, 545725L, 
560021L, 574013L, 564910L, 568965L, 585691L, 571240L, 580443L, 
580955L, 585259L, 590805L, 579046L, 529339L, 583097L, 541849L, 
524793L, 556669L, 448505L, 406900L, 422622L, 440342L, 532225L, 
611981L, 519831L, 393636L, 419909L, 525814L, 465183L, 412579L, 
402377L, 459865L, 496474L, 396851L, 388639L, 404089L, 389302L, 
376288L, 355550L, 370225L, 366821L, 356371L, 361560L, 368138L, 
364739L, 372506L, 370100L, 361621L, 353466L, 339141L, 372980L, 
377689L, 373229L, 371258L, 368778L, 374451L, 360662L, 398217L, 
461632L, 457927L, 423549L, 421098L, 403699L, 387231L, 546541L, 
531976L, 584216L, 590039L, 582414L, 532534L, 587766L, 596127L, 
565956L, 501628L, 514369L, 506820L, 508681L, 500323L, 391686L, 
366059L, 370188L, 361728L, 367484L, 355986L, 356454L, 374145L, 
381529L, 368826L, 367566L, 372275L, 371252L, 373048L, 409214L, 
413539L, 399995L, 393151L, 389623L, 383720L, 405828L, 437566L, 
419219L, 440308L, 405467L, 373321L, 365046L, 359117L, 364980L, 
376098L, 364405L, 357411L, 372680L, 370413L, 400644L, 431316L, 
383909L, 381166L, 374529L, 383209L, 394683L, 449233L, 399164L, 
441499L, 499898L, 393749L, 408533L, 454010L, 451974L, 390159L, 
433401L, 439492L, 569295L, 593139L, 596089L, 608405L, 620896L, 
623021L, 598931L, 593050L, 577686L, 602733L, 609201L, 616953L, 
608624L, 606564L, 601850L, 612608L, 604864L, 616118L, 610805L, 
595420L, 606654L, 606537L, 588465L, 581324L, 566304L, 594428L, 
596047L, 605582L, 599275L, 597873L, 584095L, 614531L, 612073L, 
582020L, 559791L, 584395L, 614308L, 578357L, 534135L, 582292L, 
601146L, 600326L, 561033L, 524620L, 546543L, 563089L, 560492L, 
563807L, 571357L, 607984L, 602332L, 606403L, 598241L, 562593L, 
597894L, 573259L, 527609L, 433566L, 553687L, 551036L, 538175L, 
504928L, 528580L, 571955L, 530927L, 575765L, 582756L, 612877L, 
628657L, 565913L, 577027L, 551931L, 570105L, 569095L, 556626L, 
591306L, 568824L, 533415L, 461153L, 543912L, 571802L, 495936L, 
365067L, 365611L, 369640L, 370108L, 372622L, 374227L, 390753L, 
389134L, 382744L, 375195L, 361352L, 382963L, 370321L, 371978L, 
369837L, 370266L, 371877L, 373737L, 367691L, 355199L, 371624L, 
369349L, 363865L, 380939L, 365236L, 398481L, 381071L, 379086L, 
405111L, 395723L, 370998L, 375186L, 373817L, 377050L, 424700L, 
445432L, 444181L, 447245L, 583806L, 549512L, 531185L, 585825L, 
587299L, 610995L, 589176L, 463564L, 474832L, 539074L, 552240L, 
547979L, 586071L, 598224L, 570007L, 553571L, 508180L, 462135L, 
434658L, 423976L, 461392L, 456928L, 454762L, 468615L, 484106L, 
568021L, 579406L, 590232L, 571261L, 616236L, 600630L, 594113L, 
593610L, 598094L, 601884L, 612726L, 587913L, 448014L, 551537L, 
559316L, 486754L, 400719L, 401596L, 408412L, 441847L, 443714L, 
509071L, 487366L, 396907L, 480629L, 457830L, 495265L, 496497L, 
468971L, 459805L, 482200L, 421574L, 424123L, 441618L, 410177L, 
371280L, 380354L, 422604L, 387128L, 399829L, 393714L, 356075L, 
379947L, 353314L, 347728L, 349759L, 344225L, 351803L, 359978L, 
367366L, 375393L, 387092L, 355644L, 388084L, 404731L, 373248L, 
377780L, 376058L, 410336L, 435854L, 412023L, 426053L, 438911L, 
481281L, 396823L, 386076L, 386394L, 418152L, 398802L, 416009L, 
385295L, 425668L, 441384L, 519026L, 463261L, 533862L, 461611L, 
400176L, 426701L, 429632L, 384298L, 361502L, 442727L, 434464L, 
381177L, 374817L, 373110L, 387970L, 458221L, 579666L, 567690L, 
460401L, 412311L, 432201L, 513830L, 445250L, 446741L, 394286L, 
383779L, 389305L, 400305L, 392659L, 413016L, 383958L, 389419L, 
390095L, 400369L, 396191L, 393462L, 466784L, 503022L, 527213L, 
416178L, 438463L, 479578L, 523847L, 509401L, 459532L, 420479L, 
397493L, 453596L, 433902L, 430462L, 469756L, 453938L, 590643L, 
526800L, 399165L, 391560L, 384152L, 387700L, 367566L, 373237L, 
361159L, 425043L, 398602L, 397010L, 428840L, 462865L, 383090L, 
386663L, 384881L, 366810L, 464583L, 473909L, 516612L, 445016L, 
376222L, 377884L, 374085L, 371256L, 382170L, 380405L, 418713L, 
401783L, 393279L, 395963L, 387596L, 395995L, 414580L, 472716L, 
499978L, 428159L, 424652L, 381320L, 381562L, 370401L, 366348L, 
446186L, 371977L, 361239L, 356010L, 382539L, 355686L, 414946L, 
397626L, 375785L, 375653L, 373322L, 379558L, 382881L, 414635L, 
