xpro <-
structure(list(`2004` = c(982954, 1030410, 945345, 883340, 815420, 
950912, 1048640, 1106960, 1020430, 915167, 1185480, 776861, 686200, 
900075, 1156550, 1211250, 1235270, 1308680, 1091400, 1092880, 
934403, 910453, 854863, 908811, 1089350, 971157, 1015540, 995791, 
1201870, 1063440, 1037230, 1036740, 874106, 789015, 847601, 962420, 
988853, 1214560, 979397, 1242790, 1006750, 1068790, 1039990, 
1235070, 1015640, 1002980, 827254, 1257750, 1281560, 1368030, 
1305720, 841664, 892138, 1079340, 1059600, 1031950, 1122230, 
1142690, 1082160, 1044950, 1114660, 1397300, 1548860, 1502610, 
1374900, 1501290, 1215260, 1015410, 1122290, 1247480, 1135050, 
1070200, 1187660, 1033720, 1027120, 992901, 1082910, 1069010, 
1307100, 1177300, 899135, 756270, 965335, 970199, 1247470, 1055370, 
1076770, 1249680, 1326880, 1249830, 1142050, 1042740, 1075770, 
942411, 1052090, 1071460, 1139240, 1135550, 1293630, 967645, 
918695, 683369, 859271, 1089860, 1231010, 994998, 992679, 1329500, 
998197, 1016690, 1047850, 973571, 1148640, 876213, 1056550, 1070410, 
1071920, 969846, 974824, 1036150, 885358, 968190, 864939, 790779, 
879957, 822923, 820649, 874072, 942763, 918455, 879584, 840565, 
949173, 986249, 916336, 1031540, 1018230, 843580, 998107, 964497, 
772947, 917653, 896816, 1040500, 1016400, 992925, 1136050, 1063070, 
1040150, 1212680, 1377830, 1193270, 1173270, 1086200, 1030150, 
936954, 1114570, 1096170, 913307, 919267, 766242, 961385, 1147760, 
1335980, 1260500, 1341770, 1169720, 1113130, 1347850, 1124700, 
1047840, 1029490, 984930, 1442560, 1209780, 1315130, 1000890, 
1068440, 921540, 917198, 883453, 957406, 1264740, 1249240, 932970, 
768536, 948591, 803759, 647436, 749795, 754846, 940680, 1044840, 
1242780, 1287730, 1014620, 1212890, 1175940, 1113080, 978739, 
859178, 911346, 747560, 772921, 564603, 1011580, 1169170, 1137180, 
945130, 1284100, 1298090, 846282, 985590, 800543, 830257, 859164, 
714313, 943031, 1009460, 969128, 704117, 604057, 634500, 795118, 
805268, 805274, 826143, 889371, 1018980, 1109710, 1012030, 1016360, 
883797, 762940, 982854, 1042060, 997167, 847635, 813366, 1142950, 
951251, 864659, 1144790, 974081, 1317610, 983971, 1052360, 1145860, 
1110970, 1136540, 1028220, 1031190, 991243, 938418, 1170980, 
1067840, 1015470, 959374, 873748, 977242, 981937, 1048690, 903341, 
755959, 1132750, 918885, 895027, 776917, 924631, 1069610, 1164530, 
1042350, 981596, 849704, 841111, 1031040, 1223530, 1146220, 890733, 
1259960, 897508, 880818, 1285510, 1362340, 1270780, 1125720, 
836768, 1101300, 1051770, 1152020, 960334, 1204090, 995765, 1050480, 
1146090, 1125890, 1399300, 989196, 1368870, 884415, 1074930, 
1165890, 992029, 1093880, 1177280, 908292, 935595, 855231, 916787, 
989137, 796496, 1229480, 1004590, 1127850, 983426, 752035, 959682, 
1056480, 1169430, 1127330, 1049550, 1285090, 1251000, 850488, 
1236290, 1298760, 1053140, 1121220, 1025230, 922898, 1123510, 
1107360, 1406390, 1409580, 1171600, 940461, 1197880, 1034040, 
806606, 907931, 873778, 1008220, 1084920, 1052430, 1052810, 1193950, 
1007850, 979106, 881346, 846510, 736853, 726095, 863628, 808739, 
1031630, 1142840, 1091500, 920519, 1116760, 1116500, 959042, 
930704, 889723, 903114, 1184750, 790785, 920439, 812455, 882778, 
869695, 1035550, 994477, 971893, 822054, 749960, 863210, 823991, 
816526, 808687, 882617, 920306, 1154930, 1198960, 1230720, 1277240, 
950546, 1027860, 1331930, 1375370, 1141020, 1095740, 1020760, 
1033670, 1135650, 1108660, 958672, 1091240, 969571, 800748, 819646, 
718686, 751188, 615998, 847801, 749639, 1013240, 1127120, 1174510, 
1261540, 1105740, 1138800, 1037610, 1176610, 1368960, 1193060, 
1265930, 1235560, 1140360, 1311440, 1210990, 1175510, 1286300, 
1120160, 1198020, 1326940, 1388490, 1255480, 1420810, 1234760, 
1296560, 1352270, 1640140, 1607230, 1685430, 1605190, 1482550, 
1261310, 1089990, 919707, 838840, 1035210, 1031270, 956662, 1037940, 
874323, 665536, 678474, 779357, 1284160, 858469, 773831, 870274, 
991527, 1146450, 992508, 994289, 958947, 1180280, 866000, 1072890, 
901094, 1017620, 1011410, 1031570, 987548, 900746, 912107, 1251270, 
1548610, 1073100, 978581, 920210, 1053650, 985319, 978501, 972429, 
1013020, 919807, 969426, 1153860, 1270220, 1302290, 1267610, 
1275150, 1334500, 1077380, 1436390, 1166930, 1164430, 921655, 
896756, 847804, 855450, 692525, 684045, 830849, 822243, 953019, 
1050640, 1129360, 913185, 862211, 1020700, 1032310, 813972, 1018980, 
996459, 1172710, 1069040, 978167, 962806, 1040600, 837835, 814630, 
929298, 1069370, 1301970, 1433410, 1321220, 1148680, 1098180, 
1001270, 1109510, 949802, 870323, 952365, 915395, 1032390, 880957, 
839604, 1089850, 1277990, 844490, 838846, 965203, 1320480, 1215950, 
1165780, 994217, 1211210, 1121770, 1102500, 1087560, 1188810, 
995785, 1169650, 912026, 987610, 1074550, 1164790, 1214740, 1069180, 
1118660, 1064600, 877158, 945843, 849512, 835025, 1009920, 1095940, 
891171, 947721, 1118750, 1001450, 778245, 915371, 971983, 1008930, 
1071050, 1135620, 1067140, 1058500, 1256390, 1101160, 1347220, 
1162040, 1164990, 1516830, 1377740, 851699, 906450, 981247, 838337, 
801441, 765552, 761628, 895147, 865464, 1010270, 841125, 994697, 
1108350, 1198400, 968698, 957678, 1032580, 1028580, 1032680, 
965873, 816887, 1093170, 1157240, 883088, 973221, 1071910, 1124440, 
1081890, 987408, 1427620, 1394510, 1151770, 827958, 961614, 748358, 
741103, 733948, 751894, 736372, 841368, 881167, 1037610, 1171350, 
816672, 912796, 973698, 894474, 923593, 832337, 932114, 851827, 
1006550, 1072430, 1179680, 1058270, 1055390, 987877, 1109270, 
1037570, 809922, 669599, 701047, 904249, 999014, 947253, 1255360, 
1335930, 1285220, 941794, 932481, 1061300, 1129420, 998365, 1140920, 
1113980, 1377340, 1349140, 938992, 1113610, 860037, 1152980, 
842904, 940322, 1080720, 884948, 987667, 976896, 642549, 626774, 
834668, 843386, 1065010, 997171, 984327, 1068970, 1127570, 1227980, 
1407700, 1111030, 828908, 1046770, 1138420, 1306140, 1092890, 
1054660, 914450, 798881, 788880, 916335, 896775, 1374180, 1210040, 
1146360, 1185460, 1244310, 1536860, 1163160, 1472220, 1163430, 
1243000, 1060290, 937230, 975129, 846677, 902430, 929218, 1133680, 
801699, 928525, 1179450, 1162760, 1025010, 945353, 1029420, 988925, 
823699, 827220, 1128230, 936605, 1061540, 847693, 1186480, 1117510, 
1238580, 1034820, 870584, 1078190, 1187300, 1248200, 1215230, 
1085610, 1092490, 965655, 1030590, 1155820, 1152440, 1227170, 
1015450, 1046920, 1136490, 959604, 845834, 863775, 732245, 884576, 
1030510, 1187930, 1248880, 843915, 1250810, 1035600, 1236080, 
1203610, 1219740, 1081440, 823383, 749100, 593402, 588186, 725276, 
979573, 861486, 853287, 802877, 659977, 583105, 675312, 786155, 
874125, 791193, 877856, 996056, 1100610, 1146880, 1197540, 1409180, 
970810, 778178, 755270, 829616, 778376, 955594, 987176, 882866, 
865776, 942895, 981138, 1225040, 1304600, 1350010, 1272990, 1457100, 
1325000, 1052730, 999523, 891657, 1023660, 825388, 633376, 777991, 
778983, 789108, 1156730, 963477, 973788, 1118730, 1088820, 1076020, 
1048680, 1081930, 1284870, 1217490, 1210260, 1001860, 1076930, 
952727, 947384, 933441, 1216520, 1261230, 1086750, 1071490, 1011140, 
765992, 857648, 1008600, 644641, 689399, 812972, 960579, 936480, 
825159, 897287, 1057340, 895756, 996269, 1066320, 1006500, 1010770, 
970877, 1072870, 1148210, 1061920, 959948, 1071110, 1102430, 
1104000, 831942, 888267, 678462, 796131, 907386, 848117, 853005, 
785479, 810807, 788394, 890768, 947021, 1137020, 920128, 1182610, 
1363920, 1287350, 1402380, 1310020, 1182520, 1070240, 1028760, 
834951, 918950, 1174630, 1113350, 1275670, 994954, 844526, 918331, 
922936, 1124200, 1228050, 946189, 1110350, 1191090, 1487770, 
1157940, 1194790, 1128510, 994774, 1003970, 893808, 735889, 1096560, 
1187460, 1214370, 1313070, 1042130, 985526, 1115640, 1285390, 
1013310, 1207230, 930732, 910053, 812902, 806465, 1131400, 1214210, 
1127630, 1095900, 957499, 856311, 1030060, 1379280, 1163940, 
